23,6.
88,6.
105,6.
49,7.
64,7.
85,7.
107,7.
69,9.
25,9.
92,9.
54,9.
78,10.
72,10.
76,10.
31,10.
37,10.
67,10.
36,11.
39,11.
75,11.
45,11.
61,12.
11,12.
8,12.
14,12.
2,12.
103,12.
65,13.
4,13.
48,13.
104,13.
6,13.
51,14.
62,14.
15,14.
12,14.
84,14.
59,15.
43,15.
68,15.
13,15.
101,20.
108,20.
82,21.
89,21.
20,21.
71,21.
3,21.
7,21.
17,21.
93,21.
27,21.
66,22.
21,22.
10,22.
96,22.
44,22.
35,22.
56,22.
57,22.
5,22.
53,23.
42,23.
83,23.
74,23.
52,23.
46,23.
29,23.
70,23.
63,24.
28,24.
40,24.
30,24.
33,24.
34,24.
22,24.
81,24.
99,25.
80,25.
90,25.
18,25.
50,25.
94,25.
47,25.
41,25.
24,25.
19,26.
98,26.
95,26.
73,26.
97,26.
60,26.
58,26.
38,26.
109,27.
106,27.
102,27.
100,27.
110,27.